1457
2503
8539
2623
1786
1758
2138
1316
5835
6474
4341
7592
7454
4481
8085
1420
6320
3021
9340
365
8414
4912
3992
5790
5908
2021
91
6770
6479
3036
5279
8960
736
7252
8284
1173
8667
1171
1778
7969
6958
3255
9303
3355
5757
9771
4601
5398
2067
1139
1857
2590
7455
9812
9169
7289
3470
968
6550
7930
950
6892
3135
5122
3635
325
7199
7174
6721
9798
2189
9263
3134
8413
3237
8854
1984
4596
1381
4768
3028
142
5506
1852
7141
7027
4753
2711
7909
236
5887
5034
7524
8
6664
9814
3810
4556
8626
5806
5367
1558
5891
4238
8488
5254
1669
4219
4969
8887
9721
3517
1042
5520
3523
7056
9550
5907
9754
9288
1540
7499
7348
9172
5990
2211
5350
7979
1291
3622
9522
8638
6579
6755
2845
1083
7999
5172
2036
1495
8225
2363
1763
7548
7094
1909
1059
9665
7610
7711
6792
631
7535
636
8266
5046
5287
9709
6764
944
9727
7590
7698
5322
7008
2074
1103
543
5792
8711
2626
814
5056
4954
6038
6377
4729
4801
4116
5817
636
1783
4877
1210
5445
2851
5121
6512
9678
2324
7627
891
6381
139
112
190
1393
2289
5096
6335
9612
7265
8111
1456
8975
1911
7456
7611
4933
8834
7843
2505
9854
6621
1100
4636
8440
9261
3542
5510
2569
9031
1040
4675
2138
1335
7343
5660
3623
1321
2875
9204
8052
1374
6779
9082
6052
7632
1779
3533
4016
9496
8242
339
9046
4334
10000
8142
8836
302
8
3126
6518
6888
957
1710
2557
7624
3581
3298
1200
5001
4403
102
1622
2436
3303
204
7034
133
9449
7279
2963
1426
462
9077
6671
7888
8668
9811
7039
1093
1854
9598
2167
4869
481
6090
2992
9070
9404
5524
776
1721
4963
2540
1683
3756
8737
7722
755
1049
697
2836
847
116
508
6563
2044
4923
6111
6875
8129
7600
1087
3246
2074
32
6331
2757
6236
9354
1768
3901
1562
4549
1754
1941
3214
3964
2221
913
2434
8397
5967
8871
363
201
3528
2554
860
8406
4953
2946
2512
9410
7808
1543
6882
1352
6078
274
3173
1304
1252
3615
5737
7405
5591
110
338
6367
341
5440
9200
9337
8255
6607
6112
9939
8289
425
5197
446
1436
5258
2506
5255
5730
45
9146
8654
9207
3586
3833
5840
4813
700
2512
7828
8141
2468
801
2360
2237
7816
740
6358
5236
1944
786
8435
1646
7170
5221
9540
948
1893
1278
4723
481
1754
6745
8142
6055
4019
1863
8552
7497
5873
1304
2502
2984
2527
3198
2485
8965
938
1420
6623
5439
4401
8990
3946
661
3396
5774
7798
9731
2849
5618
3780
5779
4992
5001
6879
576
9284
7295
7594
1791
5166
6851
6202
1788
5709
801
8137
2429
6850
9222
8149
1010
7113
3413
1108
9425
8862
9787
948
7642
8974
6988
4779
7249
7229
4557
3836
8638
5176
8245
8559
2744
1000
275
1141
5368
3818
9444
9858
6451
2919
2980
2567
477
4069
5896
8179
2232
1411
6572
1105
3689
4732
9411
6452
8607
4024
5204
8839
1429
2170
7508
5129
7313
469
4611
9331
920
9514
6867
1806
170
1190
677
7897
8751
1169
4660
4264
1469
3567
4591
3998
495
6506
8822
5621
2715
8377
350
8095
2051
6065
5967
7367
6073
465
5450
218
3732
1834
9962
1760
7407
7323
3913
8535
1593
2402
6014
384
374
3175
391
4501
4302
5994
4771
1017
6056
5845
9789
1428
7225
4567
888
8956
5983
5316
5826
8579
3763
6203
941
1114
66
5068
7905
2498
6682
6433
8179
5649
6861
2756
2433
8346
497
6812
430
2229
8726
6664
6926
7812
51
6241
1447
9960
7620
7442
6862
3861
6301
1659
3933
3175
6439
2851
7017
1420
9779
15
2993
8312
9696
7391
29
7643
5324
3425
881
7989
2734
9158
1553
1540
1719
1560
9382
6823
2411
8407
6061
3605
1307
862
6679
9339
3961
4422
3703
6081
5794
755
5915
3010
5735
9602
6112
8122
8640
2212
3762
7883
2650
794
7080
4351
5332
3556
1103
9612
6463
632
7310
1730
4066
85
539
145
921
5442
2327
8117
3256
935
6017
8000
9275
9998
5521
1894
9451
7640
4156
7878
484
9901
532
3305
372
2704
6641
2006
3968
8447
5349
5775
1776
282
3258
6991
9227
5191
5342
5541
7077
3691
8756
2389
2699
5571
8426
7456
381
7793
2467
326
6333
3943
848
4609
4413
7566
6879
6836
2739
1505
6828
2424
5252
7729
3432
417
9931
6565
9878
2754
3017
5777
8736
7197
9247
9697
6901
4152
436
5431
1012
1196
9443
6776
2289
852
4174
5850
9082
5017
9734
1373
6488
1982
6161
2315
4333
1819
4941
8843
1150
5007
5990
327
8647
1532
6831
9367
9408
477
9477
5874
5726
2838
7147
340
1028
5479
9991
3354
9662
9380
5527
5999
8215
8368
8084
1378
1792
4503
8076
2157
5231
9463
7288
4096
329
3651
1455
5192
9731
1309
6507
1882
631
1221
8689
8489
4093
1077
1348
553
3120
6369
7078
8654
9514
1885
2687
2045
6318
9864
1241
1315
5631
1372
6290
2983
9240
953
5504
4164
9094
9612
1387
1541
4427
5931
4168
5927
7656
1090
5819
3244
5869
519
2198
51
1505
926
786
3356
2036
2913
2728
921
1186
5136
1526
978
7217
3402
7744
2422
4046
7495
5887
9317
6665
5700
2829
976
8743
8108
122
9136
7938
3807
7846
6228
7224
4086
9579
6264
1160
3342
9971
8548
4348
1533
671
1215
6951
8399
560
4195
281
691
9867
1586
515
114
4770
6639
3527
8338
124
9556
7445
767
4596
2366
2261
9758
7114
1513
7816
8927
8495
1562
2247
6669
2254
5980
3047
4198
5485
2856
2644
6840
9567
2818
8295
5144
9237
5707
9037
1603
4250
6683
7186
610
9408
32
9652
8243
7826
56
9746
1061
2972
2008
101
6853
5654
2875
962
9910
2137
2633
8535
8907
7612
3859
407
3138
3561
1180
1443
1349
8366
4609
8042
635
92
4411
517
3463
2528
8169
