8086 10802097
8735 10802746
9835 10803846
8774 10802785
8341 10802352
8326 10802337
8552 10802563
7973 10801984
9535 10803546
9610 10803621
9287 10803298
9735 10803746
9713 10803724
9317 10803328
9785 10803796
8036 10802047
9592 10803603
8930 10802941
9925 10803936
6092 10800103
9821 10803832
9413 10803424
9201 10803212
9529 10803540
9547 10803558
8488 10802499
3614 10797625
9641 10803652
9610 10803621
8933 10802944
9470 10803481
9883 10803894
7171 10801182
9697 10803708
9808 10803819
7815 10801826
9848 10803859
7815 10801826
8336 10802347
9776 10803787
9662 10803673
9008 10803019
9921 10803932
9045 10803056
9527 10803538
9975 10803986
9345 10803356
9481 10803492
8508 10802519
7783 10801794
8376 10802387
8759 10802770
9713 10803724
9980 10803991
9906 10803917
9699 10803710
9075 10803086
7547 10801558
9615 10803626
9771 10803782
7527 10801538
9656 10803667
8966 10802977
9455 10803466
9117 10803128
5922 10799933
9689 10803700
9686 10803697
9637 10803648
9978 10803989
8572 10802583
9917 10803928
8966 10802977
9821 10803832
9002 10803013
9873 10803884
8456 10802467
9343 10803354
8022 10802033
9383 10803394
8933 10802944
4480 10798491
9497 10803508
8376 10802387
9684 10803695
9674 10803685
9381 10803392
8816 10802827
9769 10803780
5386 10799397
9545 10803556
9444 10803455
9723 10803734
337 10794348
9629 10803640
9980 10803991
9159 10803170
9335 10803346
9843 10803854
9531 10803542
9478 10803489
8170 10802181
9545 10803556
9261 10803272
9829 10803840
9467 10803478
8276 10802287
9257 10803268
9431 10803442
9877 10803888
9969 10803980
9083 10803094
7660 10801671
9499 10803510
9083 10803094
9676 10803687
9952 10803963
9547 10803558
9973 10803984
9920 10803931
8152 10802163
9720 10803731
9705 10803716
9906 10803917
9553 10803564
8580 10802591
9477 10803488
9776 10803787
7945 10801956
9113 10803124
9949 10803960
9845 10803856
9621 10803632
9639 10803650
8870 10802881
7705 10801716
9777 10803788
9459 10803470
8496 10802507
8128 10802139
9801 10803812
8664 10802675
8331 10802342
9727 10803738
9679 10803690
8421 10802432
7678 10801689
9963 10803974
9737 10803748
9748 10803759
9644 10803655
6958 10800969
9724 10803735
6958 10800969
9806 10803817
9445 10803456
9471 10803482
9967 10803978
9641 10803652
7517 10801528
9969 10803980
9734 10803745
9746 10803757
9474 10803485
9671 10803682
8512 10802523
7750 10801761
6711 10800722
9530 10803541
9855 10803866
8774 10802785
7309 10801320
9446 10803457
9425 10803436
9557 10803568
9601 10803612
9377 10803388
9395 10803406
9233 10803244
9533 10803544
6958 10800969
8341 10802352
9407 10803418
7847 10801858
9490 10803501
8873 10802884
9455 10803466
9612 10803623
9964 10803975
8640 10802651
9738 10803749
7456 10801467
9602 10803613
4480 10798491
4095 10798106
4963 10798974
8022 10802033
8624 10802635
9450 10803461
9594 10803605
9955 10803966
9698 10803709
9790 10803801
8086 10802097
9886 10803897
8421 10802432
9713 10803724
9737 10803748
9419 10803430
9870 10803881
9761 10803772
8735 10802746
9985 10803996
9625 10803636
7741 10801752
9349 10803360
9825 10803836
9917 10803928
9093 10803104
9498 10803509
8756 10802767
9892 10803903
7660 10801671
9365 10803376
8552 10802563
7994 10802005
9705 10803716
9516 10803527
9115 10803126
7987 10801998
8879 10802890
9911 10803922
9781 10803792
8015 10802026
9642 10803653
9897 10803908
9559 10803570
9738 10803749
8336 10802347
9089 10803100
9209 10803220
9946 10803957
9804 10803815
5981 10799992
9894 10803905
9283 10803294
9999 10804010
9792 10803803
9870 10803881
5796 10799807
337 10794348
8966 10802977
9612 10803623
9656 10803667
7537 10801548
8296 10802307
8756 10802767
9738 10803749
9103 10803114
9017 10803028
7839 10801850
9439 10803450
9299 10803310
3814 10797825
8242 10802253
8704 10802715
9023 10803034
5166 10799177
9674 10803685
4337 10798348
9940 10803951
9698 10803709
8912 10802923
8043 10802054
6495 10800506
9897 10803908
9629 10803640
9767 10803778
9848 10803859
9980 10803991
9675 10803686
7732 10801743
8376 10802387
9954 10803965
8568 10802579
9403 10803414
6557 10800568
9564 10803575
8918 10802929
9897 10803908
9933 10803944
9500 10803511
7261 10801272
8301 10802312
9427 10803438
8744 10802755
8276 10802287
9145 10803156
9859 10803870
9749 10803760
7210 10801221
7669 10801680
7104 10801115
8864 10802875
7368 10801379
4183 10798194
6636 10800647
9618 10803629
8500 10802511
9415 10803426
9566 10803577
9655 10803666
9792 10803803
9735 10803746
7714 10801725
9002 10803013
8512 10802523
1777 10795788
9594 10803605
8837 10802848
9581 10803592
9928 10803939
8331 10802342
9179 10803190
8176 10802187
9335 10803346
8326 10802337
8436 10802447
8993 10803004
9197 10803208
8588 10802599
7477 10801488
8704 10802715
9821 10803832
9551 10803562
9876 10803887
6092 10800103
5166 10799177
9085 10803096
8753 10802764
7401 10801412
9821 10803832
9425 10803436
8903 10802914
8735 10802746
9933 10803944
9757 10803768
8158 10802169
9655 10803666
7994 10802005
9562 10803573
5656 10799667
8978 10802989
7966 10801977
7903 10801914
9111 10803122
9524 10803535
9709 10803720
9508 10803519
4095 10798106
5981 10799992
9600 10803611
5981 10799992
9488 10803499
9910 10803921
9925 10803936
9805 10803816
9624 10803635
9566 10803577
9995 10804006
9809 10803820
6341 10800352
9462 10803473
6431 10800442
8062 10802073
9467 10803478
8735 10802746
9467 10803478
9523 10803534
2299 10796310
9903 10803914
9847 10803858
9911 10803922
9105 10803116
9165 10803176
9536 10803547
9397 10803408
7104 10801115
8735 10802746
9759 10803770
9792 10803803
8724 10802735
7285 10801296
8664 10802675
8592 10802603
9757 10803768
7184 10801195
9597 10803608
9466 10803477
8436 10802447
7261 10801272
9825 10803836
8254 10802265
9686 10803697
9463 10803474
9951 10803962
7527 10801538
8411 10802422
7917 10801928
9375 10803386
6557 10800568
8326 10802337
9639 10803650
9792 10803803
9560 10803571
9211 10803222
8381 10802392
9836 10803847
9719 10803730
9543 10803554
7966 10801977
8732 10802743
8918 10802929
8738 10802749
8987 10802998
8732 10802743
9884 10803895
7507 10801518
8036 10802047
9625 10803636
9488 10803499
9299 10803310
9886 10803897
9195 10803206
7048 10801059
9057 10803068
9527 10803538
9757 10803768
9969 10803980
8870 10802881
9508 10803519
9153 10803164
9528 10803539
9435 10803446
9439 10803450
9655 10803666
6797 10800808
9920 10803931
9699 10803710
9735 10803746
8351 10802362
9457 10803468
9651 10803662
9576 10803587
8346 10802357
9521 10803532
7285 10801296
9792 10803803
8704 10802715
9651 10803662
9913 10803924
9793 10803804
7606 10801617
9681 10803692
9061 10803072
7750 10801761
9936 10803947
9874 10803885
9977 10803988
7527 10801538
9739 10803750
9886 10803897
9668 10803679
9383 10803394
9697 10803708
9694 10803705
9335 10803346
9165 10803176
9845 10803856
9459 10803470
9805 10803816
9836 10803847
8831 10802842
7597 10801608
5656 10799667
7783 10801794
9478 10803489
9159 10803170
9940 10803951
9986 10803997
9608 10803619
8897 10802908
8918 10802929
8756 10802767
6537 10800548
9221 10803232
9545 10803556
9797 10803808
8588 10802599
8036 10802047
9620 10803631
7750 10801761
9129 10803140
9377 10803388
9933 10803944
9608 10803619
9841 10803852
9213 10803224
9462 10803473
9872 10803883
8056 10802067
8568 10802579
9721 10803732
9455 10803466
9702 10803713
6537 10800548
9347 10803358
9924 10803935
7487 10801498
9948 10803959
9653 10803664
8356 10802367
4796 10798807
7831 10801842
7076 10801087
9767 10803778
9861 10803872
7807 10801818
9361 10803372
9271 10803282
8092 10802103
9099 10803110
9343 10803354
9201 10803212
6597 10800608
9612 10803623
9869 10803880
9508 10803519
8819 10802830
9819 10803830
6037 10800048
9788 10803799
8500 10802511
9560 10803571
9551 10803562
9707 10803718
9562 10803573
6516 10800527
9491 10803502
5213 10799224
9141 10803152
8371 10802382
9997 10804008
8331 10802342
9709 10803720
9703 10803714
9183 10803194
9833 10803844
8200 10802211
8692 10802703
9555 10803566
6197 10800208
6145 10800156
8978 10802989
6222 10800233
9321 10803332
9281 10803292
9553 10803564
9383 10803394
7615 10801626
9560 10803571
9537 10803548
9977 10803988
8050 10802061
9693 10803704
9339 10803350
7456 10801467
9883 10803894
9552 10803563
9474 10803485
9534 10803545
9838 10803849
9147 10803158
9577 10803588
7517 10801528
7759 10801770
2894 10796905
9447 10803458
9768 10803779
8732 10802743
9631 10803642
9606 10803617
9797 10803808
9512 10803523
9652 10803663
8837 10802848
8704 10802715
9815 10803826
6597 10800608
9646 10803657
6341 10800352
8588 10802599
9857 10803868
9629 10803640
9660 10803671
9757 10803768
2462 10796473
9581 10803592
8074 10802085
9997 10804008
9737 10803748
9712 10803723
9652 10803663
9171 10803182
9590 10803601
8260 10802271
9193 10803204
8978 10802989
9606 10803617
8873 10802884
9672 10803683
8036 10802047
9975 10803986
732 10794743
8918 10802929
9813 10803824
9966 10803977
9708 10803719
1580 10795591
9740 10803751
9475 10803486
9061 10803072
7434 10801445
9776 10803787
8828 10802839
9905 10803916
8170 10802181
8152 10802163
8296 10802307
8176 10802187
9930 10803941
9647 10803658
8696 10802707
9821 10803832
9560 10803571
9107 10803118
7973 10801984
7401 10801412
9631 10803642
9925 10803936
9197 10803208
9303 10803314
9135 10803146
9563 10803574
9530 10803541
7210 10801221
9547 10803558
8924 10802935
9523 10803534
9955 10803966
9566 10803577
9791 10803802
9845 10803856
8580 10802591
9147 10803158
9767 10803778
8780 10802791
7273 10801284
9679 10803690
9289 10803300
9475 10803486
9095 10803106
7750 10801761
9955 10803966
9608 10803619
6958 10800969
9702 10803713
8306 10802317
9221 10803232
3507 10797518
6693 10800704
4480 10798491
7487 10801498
9489 10803500
8640 10802651
9791 10803802
9008 10803019
7497 10801508
9555 10803566
9777 10803788
9917 10803928
9999 10804010
9500 10803511
8411 10802422
9940 10803951
9739 10803750
9243 10803254
9765 10803776
6557 10800568
9991 10804002
6693 10800704
9023 10803034
6119 10800130
8810 10802821
9626 10803637
8480 10802491
9199 10803210
9827 10803838
9477 10803488
9527 10803538
8331 10802342
5727 10799738
9011 10803022
9669 10803680
9914 10803925
9461 10803472
9476 10803487
9502 10803513
9678 10803689
9131 10803142
9862 10803873
8684 10802695
8810 10802821
9505 10803516
9823 10803834
9713 10803724
6171 10800182
9757 10803768
8724 10802735
5922 10799933
9594 10803605
9195 10803206
7368 10801379
9347 10803358
9301 10803312
9730 10803741
9655 10803666
9650 10803661
8828 10802839
8134 10802145
9648 10803659
8704 10802715
9467 10803478
9751 10803762
9061 10803072
6295 10800306
9995 10804006
9618 10803629
9988 10803999
8837 10802848
8927 10802938
9527 10803538
9858 10803869
9689 10803700
9916 10803927
9967 10803978
9657 10803668
9241 10803252
6387 10800398
9487 10803498
7606 10801617
7839 10801850
9940 10803951
9641 10803652
8624 10802635
7368 10801379
9247 10803258
9538 10803549
9897 10803908
9442 10803453
9970 10803981
8015 10802026
9611 10803622
8456 10802467
9572 10803583
8640 10802651
9283 10803294
8361 10802372
9421 10803432
9872 10803883
7783 10801794
9440 10803451
9553 10803564
5922 10799933
9847 10803858
8152 10802163
9649 10803660
9928 10803939
9933 10803944
6537 10800548
9944 10803955
9543 10803554
9523 10803534
8867 10802878
9684 10803695
5981 10799992
7633 10801644
9494 10803505
9999 10804010
9045 10803056
9963 10803974
9930 10803941
9501 10803512
9553 10803564
9799 10803810
9817 10803828
9785 10803796
8015 10802026
8351 10802362
9321 10803332
9784 10803795
8564 10802575
9465 10803476
9942 10803953
9699 10803710
9229 10803240
5922 10799933
9121 10803132
8086 10802097
9461 10803472
9969 10803980
7973 10801984
9612 10803623
8406 10802417
6958 10800969
7863 10801874
9852 10803863
9829 10803840
9229 10803240
7705 10801716
7994 10802005
6729 10800740
8963 10802974
9600 10803611
9678 10803689
9847 10803858
9948 10803959
8406 10802417
8801 10802812
8500 10802511
9592 10803603
9987 10803998
7895 10801906
7973 10801984
9509 10803520
8008 10802019
9588 10803599
8918 10802929
9915 10803926
7537 10801548
9497 10803508
9247 10803258
9898 10803909
9955 10803966
8022 10802033
8152 10802163
9305 10803316
9549 10803560
9247 10803258
9549 10803560
9741 10803752
7714 10801725
9533 10803544
9002 10803013
9543 10803554
6655 10800666
8572 10802583
2462 10796473
8134 10802145
7487 10801498
7261 10801272
9045 10803056
8496 10802507
8894 10802905
8822 10802833
7487 10801498
7823 10801834
9455 10803466
8146 10802157
7567 10801578
9692 10803703
9057 10803068
9752 10803763
8700 10802711
9215 10803226
9719 10803730
9545 10803556
9922 10803933
9629 10803640
9520 10803531
8861 10802872
7557 10801568
9860 10803871
9789 10803800
4183 10798194
9902 10803913
9773 10803784
9159 10803170
9761 10803772
9580 10803591
9693 10803704
9225 10803236
9953 10803964
9584 10803595
7799 10801810
9041 10803052
9998 10804009
9836 10803847
9287 10803298
8152 10802163
7048 10801059
7855 10801866
9662 10803673
9821 10803832
6746 10800757
9249 10803260
5727 10799738
7104 10801115
9987 10803998
8200 10802211
6655 10800666
4183 10798194
9383 10803394
9626 10803637
9085 10803096
9815 10803826
4183 10798194
9953 10803964
9712 10803723
7236 10801247
9343 10803354
8664 10802675
8604 10802615
9973 10803984
9681 10803692
8140 10802151
9757 10803768
9879 10803890
9829 10803840
8176 10802187
8600 10802611
9629 10803640
8604 10802615
9551 10803562
8939 10802950
9249 10803260
9495 10803506
8873 10802884
8777 10802788
9650 10803661
9953 10803964
8858 10802869
9811 10803822
9455 10803466
9914 10803925
9521 10803532
9892 10803903
8212 10802223
9265 10803276
9631 10803642
9687 10803698
6895 10800906
9933 10803944
1777 10795788
9962 10803973
9805 10803816
9759 10803770
2614 10796625
9972 10803983
7687 10801698
8918 10802929
8480 10802491
3814 10797825
9651 10803662
9514 10803525
8879 10802890
7537 10801548
9992 10804003
8552 10802563
8777 10802788
9833 10803844
9878 10803889
9737 10803748
9171 10803182
6271 10800282
8969 10802980
9099 10803110
7815 10801826
8068 10802079
7994 10802005
9817 10803828
9347 10803358
9781 10803792
6958 10800969
3614 10797625
9301 10803312
6655 10800666
9071 10803082
8738 10802749
9795 10803806
